start=5.797000
speed=2.143589
fullscreen=yes
sid=1
