start=0.000000
speed=2.143589
pause=yes
fullscreen=yes
brightness=8
sid=1
sub-delay=-0.300000
