start=1140.890000
speed=2.143589
