start=1127.543000
speed=2.143589
