start=1216.132000
speed=2.143589
