start=1106.147000
speed=1.771561
