start=1076.367000
speed=2.357948
