start=985.610000
speed=2.143589
fullscreen=yes
