start=1136.052000
speed=2.143589
