start=1154.153000
speed=2.143589
