start=1242.700000
speed=2.143589
