start=1139.055000
speed=1.771561
