start=1148.939000
speed=2.143589
fullscreen=yes
