start=1019.018000
speed=2.143589
