start=1174.590000
speed=2.143589
