start=1059.512000
speed=2.143589
