start=1012.979000
speed=1.948717
border=no
