start=14.681333
speed=1.464100
fullscreen=yes
